x,y,z
-10.7593774795532227,-56.2399063110351563,-1.6243618726730347
22.9177875518798828,-53.1068153381347656,-1.0389491319656372
-15.5229053497314453,-49.5674095153808594,-1.0388643741607666
16.4280071258544922,-56.0126533508300781,-2.2437355518341064
-6.6919279098510742,-51.4714698791503906,-2.2411992549896240
-21.6499042510986328,-54.3607521057128906,-1.0360461473464966
3.7785305976867676,-54.4848518371582031,-2.2459709644317627
8.5795488357543945,-55.0509033203125000,-1.0373785495758057
18.1778812408447266,-50.5794067382812500,-2.2412934303283691
17.3192348480224609,-54.9367179870605469,-2.2438731193542480
-3.7777874469757080,-50.5471954345703125,-1.0381700992584229
-6.7319364547729492,-50.3541564941406250,-1.0389908552169800
-6.5775365829467773,-57.0030136108398438,-1.0378589630126953
-35.8193931579589844,-55.5231399536132813,-1.7638692855834961
35.7401504516601563,-57.0012702941894531,-2.1850740909576416
1.0232825279235840,-48.9799842834472656,-1.0397338867187500
1.9768300056457520,-54.4585342407226563,-1.3308013677597046
-22.3897094726562500,-54.4478149414062500,-1.6972182989120483
6.6994509696960449,-48.8427810668945313,-1.0383967161178589
-8.1501703262329102,-48.3888053894042969,-2.1922709941864014
1.9077681303024292,-54.0678291320800781,-2.2430763244628906
17.2756214141845703,-53.7004356384277344,-1.0380766391754150
7.7401971817016602,-50.7140960693359375,-1.3890231847763062
15.5398540496826172,-54.0734481811523438,-2.0266897678375244
-36.2108039855957031,-57.0015678405761719,-2.2404253482818604
-29.8221817016601563,-55.9933815002441406,-2.2413427829742432
-21.5101356506347656,-51.9924201965332031,-2.0387892723083496
-18.1805496215820313,-53.8549232482910156,-1.0365500450134277
16.2921333312988281,-51.5483512878417969,-1.0382473468780518
-11.4989061355590820,-49.5490684509277344,-2.2412047386169434
-11.3696851730346680,-48.7893218994140625,-1.6068289279937744
18.1776714324951172,-51.5769538879394531,-2.2415263652801514
-17.6395816802978516,-54.4246635437011719,-1.6417940855026245
-5.8192043304443359,-56.1387748718261719,-2.2450673580169678
20.2220096588134766,-52.9225463867187500,-2.2265751361846924
18.1776676177978516,-53.4990081787109375,-2.2420585155487061
-21.0898590087890625,-55.5551109313964844,-2.2422070503234863
1.5505670309066772,-51.7275543212890625,-1.4141443967819214
-17.2290058135986328,-53.6200408935546875,-1.2212125062942505
-22.4894466400146484,-51.9890022277832031,-2.2411341667175293
-1.1225020885467529,-49.4694519042968750,-1.0385065078735352
-1.0224272012710571,-57.0011825561523438,-2.2431066036224365
20.4937725067138672,-56.0687408447265625,-2.2427215576171875
16.4170131683349609,-49.7310256958007813,-1.8887927532196045
15.4234237670898438,-50.1569557189941406,-2.2412526607513428
-20.3139514923095703,-57.0034713745117188,-1.2444893121719360
-6.6264996528625488,-55.4157295227050781,-2.2412843704223633
3.7779469490051270,-49.7487182617187500,-1.7294901609420776
-1.7775430679321289,-56.2558441162109375,-1.6560381650924683
12.4270162582397461,-52.3605422973632813,-1.2473948001861572
-5.8220052719116211,-50.0130920410156250,-1.9992074966430664
-6.6936635971069336,-55.2992439270019531,-1.0388907194137573
-18.1832637786865234,-53.8619956970214844,-2.2443039417266846
22.9779567718505859,-54.0794677734375000,-2.2413275241851807
7.6962156295776367,-52.6440467834472656,-1.0385402441024780
16.2898864746093750,-54.4927825927734375,-1.0372108221054077
25.7031631469726563,-55.2675552368164063,-2.2410783767700195
15.4245748519897461,-56.0343818664550781,-2.2425894737243652
16.3901596069335938,-57.0044441223144531,-2.2420661449432373
11.2229042053222656,-56.4828033447265625,-1.6398099660873413
-26.9942741394042969,-56.0776672363281250,-2.2414157390594482
-26.6183204650878906,-57.0017280578613281,-1.0392247438430786
5.8195934295654297,-54.0297813415527344,-2.0300807952880859
2.7852363586425781,-56.0325622558593750,-1.0379219055175781
20.2221107482910156,-55.2704734802246094,-1.7126246690750122
-15.4217615127563477,-51.5206413269042969,-1.3118956089019775
2.8294749259948730,-48.3714828491210938,-1.0388581752777100
6.1784038543701172,-47.2793350219726563,-2.2412319183349609
2.7870681285858154,-57.0023193359375000,-2.2436771392822266
-2.0336453914642334,-57.0063133239746094,-2.2444167137145996
-10.6170978546142578,-57.0086746215820313,-1.0300502777099609
-22.0824718475341797,-53.4187698364257813,-2.2411680221557617
-6.6813616752624512,-50.4738006591796875,-2.2214517593383789
1.8936399221420288,-51.0809783935546875,-2.2384438514709473
17.3060359954833984,-50.0896873474121094,-2.2411379814147949
8.5779333114624023,-52.1737136840820313,-2.2429335117340088
-22.0067996978759766,-56.2323722839355469,-1.0374507904052734
5.8216023445129395,-49.2658615112304688,-1.2500879764556885
-25.0223140716552734,-55.4457206726074219,-2.2412521839141846
-6.6002750396728516,-56.2116394042968750,-1.6407066583633423
15.4222211837768555,-51.1333389282226563,-2.0341231822967529
7.5577769279479980,-50.2134742736816406,-2.2414479255676270
-17.2798118591308594,-50.2523841857910156,-2.2414891719818115
-1.3321828842163086,-47.7925224304199219,-1.8349248170852661
-10.8125543594360352,-48.0722541809082031,-2.0221860408782959
-6.6655406951904297,-57.0015602111816406,-2.2478282451629639
22.0850753784179688,-53.6334762573242188,-2.2410998344421387
18.1787090301513672,-52.3605384826660156,-1.0378828048706055
-3.5546920299530029,-47.0378227233886719,-2.2411861419677734
-1.9805381298065186,-57.0029563903808594,-1.0329955816268921
3.7792744636535645,-51.4672927856445313,-1.0376211404800415
7.5455517768859863,-54.9634170532226563,-2.2465775012969971
8.5776615142822266,-50.2246932983398438,-2.2414743900299072
-18.1795291900634766,-56.0066299438476563,-1.0376451015472412
-11.4389829635620117,-53.5856781005859375,-1.0383019447326660
2.8727157115936279,-53.0491180419921875,-1.0376684665679932
-20.2163448333740234,-56.0150299072265625,-2.2416782379150391
18.1813488006591797,-56.2052993774414063,-1.6158090829849243
3.7682020664215088,-50.4694023132324219,-1.0387462377548218
17.8564605712890625,-49.4721145629882813,-1.0386540889739990
3.7755751609802246,-51.5759963989257813,-2.0295090675354004
6.4931426048278809,-46.1690292358398438,-1.0389358997344971
-5.8150196075439453,-57.0084075927734375,-1.7581095695495605
-13.3779211044311523,-47.5131683349609375,-1.6222357749938965
-5.8224825859069824,-49.7416877746582031,-1.0384722948074341
-16.8012962341308594,-52.7084465026855469,-2.2419598102569580
1.0230736732482910,-57.0053024291992188,-1.0355690717697144
-5.8223690986633301,-48.7437019348144531,-1.0389320850372314
27.7765560150146484,-57.0013313293457031,-1.0408997535705566
16.3868885040283203,-56.0436820983886719,-1.0341560840606689
6.7011537551879883,-52.7247009277343750,-1.0372809171676636
-13.3776254653930664,-52.0867462158203125,-2.2406814098358154
12.4797363281250000,-53.3401794433593750,-2.0332922935485840
-1.0223097801208496,-48.4759597778320313,-1.0402687788009644
12.4651393890380859,-50.4168395996093750,-2.2421300411224365
-35.4610862731933594,-57.0020408630371094,-1.5805777311325073
3.7797703742980957,-53.4566154479980469,-1.0367743968963623
18.0489540100097656,-52.5381507873535156,-2.0110535621643066
-1.9443595409393311,-52.2294578552246094,-2.2420649528503418
-17.0355663299560547,-54.9250602722167969,-2.2464122772216797
-1.9385951757431030,-50.2844924926757813,-2.2413735389709473
-12.3795022964477539,-53.8495101928710938,-2.2416732311248779
7.9910798072814941,-46.9119415283203125,-1.0389100313186646
6.6845388412475586,-51.6153144836425781,-2.2423028945922852
-2.8014903068542480,-49.7430839538574219,-2.2415201663970947
1.7992352247238159,-56.3753395080566406,-1.0346626043319702
-30.8088607788085938,-57.0014686584472656,-2.2413661479949951
7.6376624107360840,-56.3813323974609375,-1.0321770906448364
-18.1786727905273438,-55.0099411010742188,-2.2420017719268799
5.8220114707946777,-48.1879348754882813,-2.0325753688812256
12.4966316223144531,-49.4403991699218750,-2.0374202728271484
-2.8772270679473877,-53.7270355224609375,-2.2427666187286377
-21.7327747344970703,-51.9209213256835938,-1.0389624834060669
13.3787403106689453,-53.0680847167968750,-1.2506428956985474
-7.7524137496948242,-49.0844459533691406,-1.5957913398742676
-36.3014106750488281,-57.0013160705566406,-1.0397851467132568
-20.5826721191406250,-54.0886650085449219,-2.2414979934692383
1.0219147205352783,-52.4853401184082031,-1.0377280712127686
2.1742820739746094,-47.6176071166992188,-1.0389467477798462
6.7393531799316406,-53.6940689086914063,-1.2576508522033691
-22.1141452789306641,-52.6550483703613281,-1.5986967086791992
-12.4053821563720703,-52.8573341369628906,-2.2419981956481934
6.8080267906188965,-50.7846603393554688,-1.0380697250366211
2.4721326828002930,-51.7412147521972656,-1.0360897779464722
-34.6222724914550781,-57.0017509460449219,-1.0386143922805786
7.5971188545227051,-51.2093696594238281,-2.2424566745758057
15.4238367080688477,-53.0303649902343750,-1.2456582784652710
-12.4182128906250000,-49.9367828369140625,-2.2416098117828369
3.7424888610839844,-57.0061035156250000,-1.2447946071624756
-11.8581352233886719,-48.1932144165039063,-2.2413485050201416
-1.0209423303604126,-53.5054092407226563,-2.2461271286010742
18.0667934417724609,-48.6631202697753906,-2.2411358356475830
-15.4213609695434570,-54.4409484863281250,-2.2429623603820801
-34.6237335205078125,-57.0013198852539063,-2.2370274066925049
-22.9737644195556641,-56.0241813659667969,-2.0376024246215820
29.8245124816894531,-57.0012474060058594,-1.1188422441482544
1.0201171636581421,-57.0041961669921875,-2.2449834346771240
-12.5198736190795898,-52.6435470581054688,-1.0387970209121704
-3.7834312915802002,-57.0032691955566406,-1.0356117486953735
-11.5439672470092773,-51.6146087646484375,-1.2451878786087036
-2.7959535121917725,-55.0461692810058594,-1.0339211225509644
-13.3781147003173828,-49.1402320861816406,-2.2415287494659424
22.9789924621582031,-55.0557975769042969,-2.0350732803344727
21.1688957214355469,-53.2875442504882813,-1.0387746095657349
-8.5778264999389648,-54.0449447631835938,-1.0379694700241089
5.8199019432067871,-55.0036048889160156,-2.2438299655914307
-21.1055374145507813,-55.5689849853515625,-1.0383400917053223
-2.1146461963653564,-47.2845382690429688,-2.1948828697204590
-15.4181966781616211,-56.0139083862304688,-1.0348497629165649
-12.4839859008789063,-50.6787338256835938,-1.2819172143936157
11.6020622253417969,-51.8449592590332031,-2.2416257858276367
10.6214427947998047,-50.0492477416992188,-1.0381828546524048
-37.3011817932128906,-56.2038955688476563,-1.6391687393188477
17.3348426818847656,-51.0584526062011719,-2.0039045810699463
10.6182203292846680,-54.5736923217773438,-1.0376801490783691
-7.3823046684265137,-56.0633506774902344,-2.2429203987121582
8.5798025131225586,-55.0784225463867188,-2.0349869728088379
-10.6175355911254883,-55.4884376525878906,-2.2455139160156250
-16.9848041534423828,-49.5010414123535156,-1.6348937749862671
-2.7369639873504639,-47.3869895935058594,-1.4192684888839722
1.0626013278961182,-55.4434928894042969,-2.2452518939971924
-17.7780132293701172,-49.3862228393554688,-1.0387321710586548
17.2016010284423828,-53.0126533508300781,-2.2415506839752197
-12.5250892639160156,-49.6827468872070313,-1.2819985151290894
16.9290924072265625,-49.8419914245605469,-1.0386599302291870
3.7804512977600098,-57.0052757263183594,-2.2415668964385986
-32.5778198242187500,-56.2048606872558594,-1.6397116184234619
-5.8222169876098633,-48.5219306945800781,-2.0128471851348877
-5.8221616744995117,-51.9458007812500000,-1.9984587430953979
-10.6202297210693359,-55.4556045532226563,-1.0365500450134277
13.3782157897949219,-54.0421409606933594,-1.0378000736236572
-13.3359909057617188,-54.0749092102050781,-1.0363620519638062
-22.1837787628173828,-57.0031661987304688,-1.6410236358642578
-10.6223974227905273,-49.0273628234863281,-2.2410902976989746
-8.1998062133789063,-50.2139205932617188,-2.2415997982025146
8.5380821228027344,-57.0067367553710938,-1.2484639883041382
-1.7568603754043579,-54.3125534057617188,-2.2433857917785645
5.8287053108215332,-52.0848693847656250,-2.0308489799499512
-18.1786823272705078,-50.8639411926269531,-1.0378780364990234
-8.5614967346191406,-52.0545120239257813,-1.0386569499969482
-16.5915641784667969,-57.0056228637695313,-1.0351763963699341
-10.6221408843994141,-47.0935058593750000,-1.9710843563079834
-18.1777133941650391,-48.6968421936035156,-1.6405985355377197
-8.5794172286987305,-56.0348815917968750,-1.0364810228347778
15.4185714721679688,-56.0456161499023438,-1.2458918094635010
-12.1794385910034180,-57.0039863586425781,-2.2467398643493652
12.5924701690673828,-57.0147094726562500,-1.6411153078079224
-25.9921741485595703,-56.2236251831054688,-1.0386896133422852
-20.2222919464111328,-51.7173538208007813,-2.2412154674530029
-32.2747230529785156,-55.4670753479003906,-1.0388799905776978
-1.9523713588714600,-48.8398056030273438,-1.0387933254241943
-1.0223276615142822,-48.6492462158203125,-2.2415187358856201
1.9040591716766357,-57.0048675537109375,-1.7912888526916504
-6.6854457855224609,-52.4459648132324219,-2.0295341014862061
27.7765464782714844,-57.0013122558593750,-2.2403204441070557
-6.6814479827880859,-53.4193878173828125,-2.2429342269897461
22.0916919708251953,-53.6693000793457031,-1.0388145446777344
26.6161708831787109,-57.0031471252441406,-1.0378555059432983
22.0135612487792969,-55.6190795898437500,-1.0383590459823608
11.5791807174682617,-52.8355941772460938,-1.0370285511016846
30.7222175598144531,-57.0012321472167969,-1.5600324869155884
-2.8115861415863037,-51.7358474731445313,-2.2404549121856689
5.8189711570739746,-56.0430259704589844,-1.0340471267700195
-8.5845928192138672,-57.0062675476074219,-2.2431261539459229
-37.2809638977050781,-57.0012969970703125,-2.2405290603637695
11.8034181594848633,-57.0048789978027344,-2.2457737922668457
1.0967125892639160,-52.5361824035644531,-2.0309617519378662
-35.3480491638183594,-56.2628364562988281,-2.2414340972900391
29.8248386383056641,-57.0012931823730469,-2.2382786273956299
25.0216541290283203,-57.0017318725585938,-1.0382391214370728
-34.7846336364746094,-55.4381027221679688,-2.2412319183349609
11.8015871047973633,-57.0069770812988281,-1.0347942113876343
25.0213756561279297,-56.0035362243652344,-1.0386774539947510
-5.8204092979431152,-54.6017417907714844,-1.0376297235488892
13.3770723342895508,-52.9543075561523438,-2.2418835163116455
10.6211681365966797,-54.5779075622558594,-2.2435917854309082
-8.5781173706054688,-49.1458969116210938,-1.0386534929275513
-2.1013822555541992,-48.2818222045898438,-2.2413151264190674
-3.7757050991058350,-54.0727195739746094,-1.0365841388702393
6.6563162803649902,-47.9746818542480469,-1.5276687145233154
3.7735762596130371,-56.0142135620117188,-2.2440130710601807
-15.4227733612060547,-52.4792633056640625,-1.0382831096649170
1.0216134786605835,-49.9784278869628906,-1.0388940572738647
-15.4203481674194336,-53.4448738098144531,-2.2422471046447754
12.4551696777343750,-50.4142723083496094,-1.2448651790618896
5.8225584030151367,-52.1746559143066406,-1.0372537374496460
3.0160222053527832,-52.2875289916992188,-1.6637593507766724
15.4223575592041016,-49.2564582824707031,-1.8094173669815063
-25.9917182922363281,-56.2240715026855469,-2.2413246631622314
-8.5780143737792969,-51.1124038696289063,-2.0352683067321777
37.3000640869140625,-57.0012474060058594,-1.2615029811859131
-12.4041614532470703,-53.7362403869628906,-1.2495920658111572
-6.4424018859863281,-49.2701301574707031,-2.2411913871765137
1.9978189468383789,-55.1628112792968750,-2.0377249717712402
-3.7804844379425049,-56.0463027954101563,-2.2436099052429199
7.5284681320190430,-49.2819252014160156,-1.8872169256210327
-12.4301023483276367,-55.7251586914062500,-1.0980628728866577
-15.4289655685424805,-54.4705963134765625,-1.0368361473083496
27.7787361145019531,-55.9243774414062500,-1.0382962226867676
-25.1942749023437500,-56.2237586975097656,-1.6398080587387085
-13.3763465881347656,-57.0052375793457031,-2.2413809299468994
-22.9788780212402344,-53.8583679199218750,-2.2419130802154541
22.0999431610107422,-56.5907974243164063,-1.2446419000625610
20.2208747863769531,-57.0023155212402344,-1.0381479263305664
34.7402191162109375,-57.0012207031250000,-2.2248768806457520
1.0223217010498047,-48.6507568359375000,-2.2411553859710693
-21.1810474395751953,-53.6592712402343750,-1.5678701400756836
-8.5781078338623047,-51.0579528808593750,-1.0383812189102173
-11.5793943405151367,-55.2450714111328125,-2.2416005134582520
26.8120746612548828,-55.6785964965820313,-2.2411272525787354
3.7799179553985596,-56.0403671264648438,-1.0345457792282104
10.6215620040893555,-57.0017089843750000,-1.0381729602813721
-11.5240612030029297,-52.5911178588867188,-1.0386158227920532
-32.5410995483398438,-57.0014991760253906,-1.0388350486755371
12.1541013717651367,-48.1007156372070313,-2.2410964965820313
-13.3826694488525391,-56.0093917846679688,-1.0349601507186890
6.5707859992980957,-56.2673606872558594,-1.6386516094207764
-21.2145709991455078,-52.9244079589843750,-2.2416243553161621
1.8952080011367798,-49.4976196289062500,-1.0387134552001953
-2.8804781436920166,-57.0058364868164063,-1.4327974319458008
-20.6226825714111328,-52.3995246887207031,-1.6322749853134155
2.9071974754333496,-53.0933265686035156,-2.2418649196624756
6.8594150543212891,-57.0039634704589844,-1.0372395515441895
15.4206275939941406,-57.0031929016113281,-2.0155105590820313
-6.7657914161682129,-51.3511276245117188,-1.0389094352722168
-11.5250444412231445,-51.5445404052734375,-2.2412292957305908
7.3998570442199707,-56.1780166625976563,-2.2429041862487793
-37.3003158569335938,-57.0015220642089844,-1.0388207435607910
-15.4234962463378906,-57.0051231384277344,-1.0376276969909668
-3.7767031192779541,-49.5717124938964844,-1.2439280748367310
3.7797327041625977,-52.5486869812011719,-2.2436091899871826
13.3800487518310547,-57.0000114440917969,-1.0370402336120605
18.1774730682373047,-51.3885383605957031,-1.2609429359436035
2.8837132453918457,-54.0960998535156250,-2.0356669425964355
-26.9940814971923828,-56.0769157409667969,-1.0387868881225586
-30.9879989624023438,-55.7478065490722656,-1.0388722419738770
3.7357344627380371,-50.6030616760253906,-2.2417428493499756
16.4000339508056641,-53.5664863586425781,-2.0256841182708740
-35.7050094604492188,-56.2000694274902344,-1.0386333465576172
21.2168712615966797,-57.0020256042480469,-1.0385768413543701
21.8765945434570313,-52.8831062316894531,-1.6160351037979126
-8.5793542861938477,-53.0503997802734375,-1.0492341518402100
1.9093918800354004,-49.2436904907226563,-2.2412049770355225
6.6969809532165527,-54.6628456115722656,-1.0362964868545532
-17.2220783233642578,-53.6111831665039063,-2.2294909954071045
-2.8363924026489258,-49.3046531677246094,-1.0379902124404907
-10.6219701766967773,-50.0250053405761719,-2.2420098781585693
3.4943211078643799,-47.9454765319824219,-2.0979719161987305
-30.4228038787841797,-56.3921127319335938,-1.5511890649795532
6.8056311607360840,-47.1173706054687500,-1.0386667251586914
1.0204716920852661,-55.4300498962402344,-1.0369237661361694
17.2831840515136719,-50.7750816345214844,-1.0388520956039429
12.4572134017944336,-56.2529907226562500,-2.2472379207611084
-36.5192794799804688,-56.0520629882812500,-2.2412612438201904
1.9913727045059204,-53.5104789733886719,-1.0369124412536621
-13.3784866333007813,-51.1168174743652344,-1.2429161071777344
-3.5639984607696533,-46.9758796691894531,-1.0388200283050537
6.6858983039855957,-55.4898719787597656,-2.2439680099487305
-1.0218894481658936,-53.3911323547363281,-1.0383043289184570
-3.0175828933715820,-47.8798828125000000,-2.2412781715393066
10.9720125198364258,-55.2822456359863281,-1.6395816802978516
-3.7780902385711670,-50.5129432678222656,-2.0356032848358154
5.8976926803588867,-51.2067260742187500,-1.2531059980392456
-10.6218690872192383,-48.1285171508789063,-1.0399980545043945
-1.0221515893936157,-50.6172142028808594,-2.0246701240539551
22.1020393371582031,-54.6317214965820313,-2.2422881126403809
8.4820508956909180,-54.1127967834472656,-2.2439382076263428
7.6952295303344727,-48.7844123840332031,-1.0381019115447998
-12.4273147583007813,-48.9726562500000000,-1.9873131513595581
31.5765876770019531,-57.0013008117675781,-1.0400166511535645
25.0221996307373047,-55.1311607360839844,-1.5232764482498169
8.5785436630249023,-49.1948509216308594,-1.2505708932876587
-8.5814790725708008,-55.0386810302734375,-1.0362520217895508
5.8220639228820801,-49.1630134582519531,-2.2422101497650146
3.7780418395996094,-48.5051803588867188,-1.3207786083221436
2.9704267978668213,-55.0697059631347656,-2.2413084506988525
-10.6224203109741211,-51.9724922180175781,-2.2424540519714355
18.1779270172119141,-53.3336906433105469,-1.2577323913574219
-16.3233337402343750,-55.6050186157226563,-1.0378259420394897
-5.8303046226501465,-50.7090988159179688,-1.2814282178878784
-6.7659320831298828,-54.2930107116699219,-1.0365884304046631
-2.0081810951232910,-49.7733192443847656,-1.3865164518356323
-12.5679731369018555,-47.3186149597167969,-2.2347583770751953
-22.7187290191650391,-52.0809173583984375,-1.0389351844787598
5.8217720985412598,-56.0025177001953125,-2.2414023876190186
-1.0347152948379517,-55.0034561157226563,-2.2087078094482422
6.6901688575744629,-53.5532035827636719,-2.2430708408355713
32.5765609741210938,-57.0012321472167969,-1.0400080680847168
7.7109141349792480,-53.6411590576171875,-1.0370486974716187
22.9789810180664063,-57.0034446716308594,-2.0347173213958740
17.2441768646240234,-52.7069816589355469,-1.0384943485260010
17.3962364196777344,-56.3898277282714844,-1.0336314439773560
-31.7914028167724609,-56.3410377502441406,-1.0385026931762695
-11.4891920089721680,-52.5206298828125000,-2.0339000225067139
6.6807370185852051,-49.6720466613769531,-2.2415716648101807
-2.0001103878021240,-53.5874328613281250,-1.0371954441070557
25.8896369934082031,-55.2324981689453125,-1.0389033555984497
-3.7780089378356934,-49.5368347167968750,-2.2415802478790283
3.7777168750762939,-48.8922462463378906,-2.2414422035217285
2.0635516643524170,-52.5810623168945313,-1.3856974840164185
8.5778875350952148,-53.1460609436035156,-2.0328798294067383
-10.6220464706420898,-49.1261787414550781,-1.0383840799331665
-17.2733669281005859,-50.2478332519531250,-1.0382374525070190
13.3778305053710938,-50.9815483093261719,-2.0304532051086426
13.3793449401855469,-52.0707893371582031,-1.2494556903839111
16.2889366149902344,-50.5755157470703125,-1.2596911191940308
-3.7777121067047119,-47.7719345092773438,-1.6022317409515381
-31.0243988037109375,-57.0015258789062500,-1.0385568141937256
-5.8212013244628906,-53.6069221496582031,-1.0372523069381714
-7.0703029632568359,-48.4381599426269531,-1.2579427957534790
2.7804901599884033,-56.0272064208984375,-2.0360376834869385
-1.0217027664184570,-49.6214179992675781,-2.0197482109069824
-8.0374765396118164,-48.3061408996582031,-1.0388888120651245
-10.8844327926635742,-54.5326690673828125,-2.2446892261505127
17.3124904632568359,-53.9721374511718750,-1.9971946477890015
-27.7520160675048828,-55.4255027770996094,-2.2411925792694092
2.8423690795898438,-54.0542564392089844,-1.0387997627258301
-10.6219291687011719,-52.9676895141601563,-2.2432048320770264
-16.2841911315917969,-53.9424476623535156,-2.2417519092559814
-13.3777627944946289,-50.1414375305175781,-1.0378705263137817
7.6841063499450684,-54.6348533630371094,-1.1705869436264038
-11.4152116775512695,-53.5901145935058594,-2.2413933277130127
-15.7799930572509766,-51.5622596740722656,-2.2421715259552002
22.0944194793701172,-54.6461029052734375,-1.2446194887161255
-5.8219842910766602,-52.6418113708496094,-1.2822848558425903
5.8223705291748047,-47.2932319641113281,-1.0388319492340088
11.5814990997314453,-53.7921447753906250,-2.2424962520599365
7.6398329734802246,-48.2906799316406250,-1.9040011167526245
8.5778579711914063,-50.1913261413574219,-1.2435647249221802
21.1374721527099609,-53.3197097778320313,-2.2410922050476074
-13.3662776947021484,-54.0538787841796875,-2.0324931144714355
-5.8220882415771484,-56.3498916625976563,-1.0298135280609131
-1.0210937261581421,-52.3939132690429688,-1.0368245840072632
-18.1372070312500000,-51.8612442016601563,-1.0402175188064575
-8.5800275802612305,-56.0168685913085938,-2.2443845272064209
13.3805637359619141,-56.9993743896484375,-2.2429230213165283
26.6114273071289063,-57.0019226074218750,-2.2422211170196533
13.3818311691284180,-55.8988990783691406,-2.2418282032012939
6.7017178535461426,-49.8169631958007813,-1.2538950443267822
-21.3045578002929688,-52.8229560852050781,-1.0383818149566650
-12.4528083801269531,-54.7104721069335938,-1.0364698171615601
10.6255397796630859,-52.6091651916503906,-2.0363049507141113
12.4486875534057617,-55.2732086181640625,-1.0361641645431519
-18.1781558990478516,-57.0027580261230469,-1.0387779474258423
-22.1201438903808594,-53.4814109802246094,-1.0386434793472290
-11.5839195251464844,-55.2010879516601563,-1.0488537549972534
-11.5337133407592773,-56.2397956848144531,-2.2460005283355713
-22.0151634216308594,-56.2232742309570313,-2.2411732673645020
17.2413578033447266,-51.7413291931152344,-1.2824225425720215
-10.8781585693359375,-54.4960975646972656,-1.0357309579849243
-30.8387279510498047,-55.8025932312011719,-2.2412207126617432
-5.8235125541687012,-53.8745231628417969,-1.9973257780075073
-18.1561775207519531,-51.8695602416992188,-2.2397587299346924
-12.5200738906860352,-51.6452407836914063,-1.0372955799102783
8.5780296325683594,-48.2430953979492188,-2.2412331104278564
11.5876893997192383,-55.7769317626953125,-1.0368107557296753
20.2223892211914063,-52.9072837829589844,-1.0388396978378296
-7.6037454605102539,-52.8532028198242188,-1.0381271839141846
20.2206268310546875,-57.0031509399414063,-2.0355813503265381
-18.1778640747070313,-50.8719291687011719,-2.2414507865905762
-10.9745016098022461,-47.1944007873535156,-1.0389068126678467
-13.3839902877807617,-55.0244598388671875,-2.2450778484344482
-2.7033381462097168,-56.1075019836425781,-1.0383938550949097
21.1872692108154297,-54.2953567504882813,-2.0361661911010742
-20.4407653808593750,-54.0689506530761719,-1.0386933088302612
-16.5258960723876953,-50.9151878356933594,-2.0999820232391357
10.6216592788696289,-57.0017509460449219,-2.2417922019958496
11.5887651443481445,-54.7800331115722656,-1.0377904176712036
20.2210369110107422,-54.4257850646972656,-2.2421286106109619
-22.9834022521972656,-55.0346641540527344,-2.2416219711303711
10.6233034133911133,-51.5825538635253906,-1.0384737253189087
11.3871183395385742,-50.8988647460937500,-1.0388554334640503
-16.2112274169921875,-52.1195106506347656,-1.5348165035247803
15.4212551116943359,-55.0385437011718750,-2.2425520420074463
18.1786594390869141,-57.0064659118652344,-1.0360395908355713
-12.3894052505493164,-50.9323158264160156,-2.2422821521759033
-5.8249044418334961,-55.4811210632324219,-1.4960792064666748
-17.4011688232421875,-51.0356330871582031,-1.6360943317413330
-27.2016029357910156,-54.6092643737792969,-1.0388737916946411
1.8925068378448486,-50.1460876464843750,-1.8036731481552124
12.4387130737304688,-54.3034515380859375,-1.2491714954376221
-7.3644657135009766,-56.0386886596679688,-1.0340107679367065
26.1371021270751953,-54.2651062011718750,-1.0389322042465210
16.4054260253906250,-54.5368995666503906,-2.2433447837829590
2.9469685554504395,-55.0472335815429688,-1.0385252237319946
7.8690905570983887,-55.5531997680664063,-1.5243349075317383
10.6165113449096680,-55.9877815246582031,-2.2451746463775635
8.3850317001342773,-56.0304222106933594,-2.2417213916778564
13.0129814147949219,-48.6103286743164063,-2.2415554523468018
18.1788349151611328,-57.0012931823730469,-2.2417690753936768
16.6148471832275391,-57.0065574645996094,-1.0626177787780762
-3.7778108119964600,-53.1183204650878906,-2.2435781955718994
13.3778409957885742,-51.9567413330078125,-2.2413954734802246
-10.6212730407714844,-51.0730705261230469,-1.0374795198440552
1.0221948623657227,-49.6106681823730469,-1.9673373699188232
-1.9403153657913208,-52.6390914916992188,-1.3330160379409790
17.9931030273437500,-55.4127197265625000,-1.0387607812881470
-20.2698326110839844,-57.0050277709960938,-2.2415232658386230
8.5781774520874023,-53.1114616394042969,-1.0367608070373535
18.1799163818359375,-54.3066596984863281,-1.0378708839416504
11.4434852600097656,-50.8608741760253906,-2.2412283420562744
11.5960397720336914,-48.9032859802246094,-2.0372974872589111
-25.8200130462646484,-57.0019950866699219,-1.6395776271820068
-20.9706859588623047,-54.7770729064941406,-1.6313686370849609
-1.0196651220321655,-56.0012130737304688,-2.2432334423065186
-2.9956936836242676,-52.1637649536132813,-1.0373944044113159
-8.5778074264526367,-54.0506744384765625,-2.0350420475006104
3.7748394012451172,-54.4490966796875000,-1.0362621545791626
-7.9667658805847168,-55.5329132080078125,-1.6358492374420166
32.5599937438964844,-57.0012512207031250,-2.0490007400512695
-15.4209604263305664,-53.4755554199218750,-1.0384055376052856
5.8216710090637207,-53.1451110839843750,-1.2507199048995972
-31.6938476562500000,-57.0020751953125000,-1.7792903184890747
-8.5767869949340820,-55.0232238769531250,-2.2414870262145996
22.9777107238769531,-54.0824241638183594,-1.2427326440811157
-15.4218788146972656,-49.5885581970214844,-2.0322513580322266
-22.9781761169433594,-53.0203208923339844,-1.2557045221328735
7.5342512130737305,-47.7998847961425781,-1.0392491817474365
-20.9458084106445313,-56.3427772521972656,-1.6472191810607910
6.6812567710876465,-54.5230178833007813,-2.0221037864685059
-13.3780546188354492,-50.1157493591308594,-2.0352833271026611
22.9799404144287109,-57.0038757324218750,-1.0371592044830322
8.4610195159912109,-49.2341804504394531,-2.2413556575775146
12.9332828521728516,-48.5470581054687500,-1.0386654138565063
-1.9105432033538818,-55.5026054382324219,-1.0337706804275513
-7.6254420280456543,-53.8311119079589844,-1.2475646734237671
17.1165351867675781,-55.5568923950195313,-1.4953168630599976
-16.2706890106201172,-54.7353515625000000,-1.6387004852294922
12.4484825134277344,-55.2831993103027344,-2.0323376655578613
-17.0612964630126953,-51.7575531005859375,-1.0379192829132080
1.0207607746124268,-56.2209777832031250,-1.6368503570556641
-3.7778222560882568,-55.0471611022949219,-1.2439931631088257
21.1612434387207031,-55.3262176513671875,-2.2410466670989990
7.7009005546569824,-51.6461029052734375,-1.0373804569244385
1.9132235050201416,-53.0699958801269531,-2.2418556213378906
7.0043139457702637,-55.6094322204589844,-1.0358122587203979
27.7790985107421875,-55.9249687194824219,-2.2420117855072021
5.8224391937255859,-50.1374664306640625,-2.0305171012878418
-8.5776052474975586,-50.1022224426269531,-1.3242466449737549
13.3812589645385742,-55.0154342651367188,-1.2517951726913452
-21.3906650543212891,-57.0028114318847656,-2.2433197498321533
-16.8271903991699219,-52.7270050048828125,-1.0374579429626465
-2.8559217453002930,-52.7309265136718750,-2.2424206733703613
-5.8219804763793945,-51.6759872436523438,-1.0378184318542480
31.5568847656250000,-57.0012283325195313,-2.2035853862762451
16.2903861999511719,-51.6264266967773438,-2.0333008766174316
5.8226814270019531,-53.0577850341796875,-2.2431282997131348
-16.3050136566162109,-50.1469268798828125,-1.2631355524063110
11.5880317687988281,-55.7800636291503906,-2.2431271076202393
17.1688175201416016,-49.1007690429687500,-2.2410917282104492
-17.2052040100097656,-56.2216796875000000,-1.0383362770080566
-8.5776815414428711,-52.1084403991699219,-2.0354311466217041
1.8078941106796265,-56.1208229064941406,-2.2420520782470703
-21.5751419067382813,-54.2785034179687500,-2.2437934875488281
12.4677667617797852,-51.3922882080078125,-2.0345022678375244
-1.1450659036636353,-51.4287071228027344,-1.2558228969573975
-3.6757659912109375,-56.0376434326171875,-1.2513955831527710
17.4187145233154297,-56.1263999938964844,-2.2473261356353760
-11.4003810882568359,-57.0052642822265625,-1.6322362422943115
-22.0329685211181641,-55.2584762573242188,-1.2397469282150269
12.4827251434326172,-49.4381217956542969,-1.0387635231018066
-32.5780792236328125,-57.0014762878417969,-2.2415220737457275
27.5199527740478516,-54.9817428588867188,-1.2421907186508179
-2.8284227848052979,-50.7391586303710938,-2.2424941062927246
-2.8624846935272217,-56.4519691467285156,-2.2483344078063965
22.0965213775634766,-55.6075744628906250,-2.0331981182098389
3.2265951633453369,-49.2875366210937500,-1.0378651618957520
-3.6672904491424561,-57.0068855285644531,-2.0441057682037354
17.2839775085449219,-57.0054588317871094,-1.8041464090347290
-7.6308102607727051,-49.9041633605957031,-1.0387744903564453
-1.9263272285461426,-49.2642898559570313,-2.2414834499359131
-1.0215183496475220,-52.5391006469726563,-2.0221078395843506
1.0208756923675537,-50.9751052856445313,-1.0377041101455688
11.6229782104492188,-49.8797721862792969,-2.2410938739776611
8.5431995391845703,-52.1393127441406250,-1.2469623088836670
21.1956367492675781,-57.0016822814941406,-2.2412788867950439
12.4676170349121094,-52.3669548034667969,-2.2429974079132080
-6.6784672737121582,-54.3897819519042969,-2.0233213901519775
20.4448547363281250,-53.7217407226562500,-1.5716537237167358
-13.0187559127807617,-48.2093658447265625,-2.2412645816802979
15.6165714263916016,-57.0016784667968750,-1.0379443168640137
-17.5403976440429688,-52.3866233825683594,-1.6460602283477783
16.2101650238037109,-48.8199195861816406,-2.2411286830902100
-18.1783485412597656,-55.0082244873046875,-1.0381685495376587
-11.5180778503417969,-50.6378784179687500,-1.0385267734527588
-1.0223760604858398,-56.0424423217773438,-1.0380773544311523
-17.5610980987548828,-55.5111274719238281,-1.6393719911575317
-7.5640411376953125,-50.9844245910644531,-2.2412898540496826
-22.9776706695556641,-52.8601760864257813,-2.2412645816802979
5.8202443122863770,-55.0796966552734375,-1.2528227567672729
-15.4223175048828125,-50.6538772583007813,-2.0332863330841064
21.2676277160644531,-56.1964530944824219,-1.6268172264099121
1.8797901868820190,-48.5353889465332031,-1.2999163866043091
-17.2043590545654297,-56.2215499877929688,-2.2415409088134766
-1.1507073640823364,-51.5793380737304688,-2.2427008152008057
-13.3756513595581055,-51.0907669067382813,-2.2413597106933594
-7.5433583259582520,-52.9564628601074219,-2.0290515422821045
22.9783134460449219,-55.0588645935058594,-1.0375459194183350
8.5778083801269531,-47.4346733093261719,-1.6552436351776123
17.2646350860595703,-54.6938095092773438,-1.0366648435592651
-16.2939128875732422,-51.1197090148925781,-1.0387966632843018
2.7738866806030273,-49.5844726562500000,-1.8761317729949951
2.9966504573822021,-50.9828033447265625,-1.4140479564666748
-7.6090421676635742,-54.8209190368652344,-1.0383467674255371
-12.7679729461669922,-56.4934844970703125,-1.6386476755142212
12.0807571411132813,-48.0695533752441406,-1.2454107999801636
-25.0223789215087891,-57.0015983581542969,-2.2412500381469727
-7.5862140655517578,-51.9825401306152344,-2.2413249015808105
-16.3136177062988281,-55.6068344116210938,-2.2420227527618408
-13.3779430389404297,-49.1650047302246094,-1.2433196306228638
13.3829040527343750,-56.0127792358398438,-1.2517670392990112
25.0222225189208984,-57.0015068054199219,-2.2411808967590332
-17.0590000152587891,-51.7470169067382813,-2.2424776554107666
-26.8083744049072266,-55.3021240234375000,-1.6409540176391602
-11.6562156677246094,-54.3499450683593750,-1.6400878429412842
25.1341438293457031,-54.4465904235839844,-2.2412512302398682
2.7123861312866211,-50.5097732543945313,-2.2427747249603271
-2.8916852474212646,-50.2390861511230469,-1.3801698684692383
11.6109390258789063,-49.9255218505859375,-1.0387971401214600
22.9281387329101563,-56.0317077636718750,-1.2462284564971924
-7.6009860038757324,-51.8776893615722656,-1.2482103109359741
2.8071870803833008,-48.6560745239257813,-2.2411837577819824
-16.1537780761718750,-53.1567764282226563,-1.6330657005310059
-3.7783527374267578,-51.5433311462402344,-1.0371432304382324
-10.6425800323486328,-52.0440368652343750,-1.2484627962112427
7.1550989151000977,-47.4868850708007813,-2.2416093349456787
1.0224571228027344,-54.4343872070312500,-1.0371836423873901
13.3777008056640625,-47.8937568664550781,-1.6493018865585327
22.0999145507812500,-56.5831336975097656,-2.2421581745147705
-12.4509963989257813,-47.4700927734375000,-1.2532674074172974
-3.7770786285400391,-48.5955619812011719,-1.0385816097259521
27.1897983551025391,-56.4569358825683594,-1.6408029794692993
-12.4279546737670898,-51.8951988220214844,-1.9970083236694336
-20.2198925018310547,-55.0409927368164063,-1.0370678901672363
15.4220962524414063,-52.1094398498535156,-2.2413845062255859
2.0097074508666992,-50.8602828979492188,-1.1154597997665405
-20.2213459014892578,-56.0350914001464844,-1.0375211238861084
-7.1729855537414551,-48.5895996093750000,-2.2411694526672363
1.0203739404678345,-53.4602928161621094,-1.2471616268157959
7.7009792327880859,-57.0079460144042969,-1.7922095060348511
16.1676616668701172,-55.2804145812988281,-1.6295058727264404
-1.0223101377487183,-47.2772521972656250,-1.0385298728942871
2.7434887886047363,-57.0036087036132813,-1.2469745874404907
-3.7795689105987549,-54.0878028869628906,-2.0310513973236084
16.2912101745605469,-52.6009140014648438,-2.2422990798950195
5.8222274780273438,-51.1114845275878906,-2.2425918579101563
-13.3835926055908203,-56.0135841369628906,-2.2444736957550049
12.4526433944702148,-56.2601280212402344,-1.0316709280014038
-13.3697834014892578,-55.0423545837402344,-1.2499552965164185
-12.1899585723876953,-48.7759437561035156,-1.0380811691284180
-11.5017843246459961,-50.5267562866210938,-2.0310702323913574
10.9353256225585938,-48.2910346984863281,-1.6059179306030273
-6.7436161041259766,-52.3475379943847656,-1.0380841493606567
-8.5787458419799805,-57.0046272277832031,-1.2463604211807251
25.9786968231201172,-56.2270889282226563,-2.2418606281280518
8.5823535919189453,-57.0040168762207031,-2.2439696788787842
1.9841380119323730,-52.0753631591796875,-2.2421960830688477
10.6222772598266602,-49.0511054992675781,-1.0388863086700439
-6.2863149642944336,-47.8594436645507813,-1.0389723777770996
-1.0213201045989990,-55.0542182922363281,-1.0350316762924194
-27.7780609130859375,-56.2221603393554688,-1.6400582790374756
-3.7781965732574463,-51.4887123107910156,-2.2418906688690186
-26.6180820465087891,-57.0019569396972656,-2.2402000427246094
15.4200305938720703,-55.0046615600585938,-1.0371860265731812
-5.8220753669738770,-52.9109077453613281,-2.2426247596740723
11.6021060943603516,-52.8190650939941406,-2.0340812206268311
-1.0213117599487305,-54.2301597595214844,-1.5754460096359253
-2.8785843849182129,-48.8082427978515625,-1.9023118019104004
-1.9254488945007324,-54.5446815490722656,-1.2901650667190552
-10.6207780838012695,-53.0136680603027344,-1.0352518558502197
-10.6223707199096680,-46.3126945495605469,-1.3482980728149414
-25.0223083496093750,-57.0016479492187500,-1.0386452674865723
8.5753698348999023,-51.1997146606445313,-2.0349676609039307
-15.4230260848999023,-50.5608825683593750,-1.0387676954269409
-18.1790370941162109,-56.0074882507324219,-2.2420170307159424
8.5763549804687500,-48.2197456359863281,-1.0386762619018555
21.0340766906738281,-55.4237556457519531,-1.0388979911804199
17.1861133575439453,-52.0158882141113281,-2.2412734031677246
13.3767175674438477,-50.0061149597167969,-2.2412998676300049
15.4210309982299805,-54.0061378479003906,-1.0382452011108398
1.0212076902389526,-51.5660705566406250,-2.2427332401275635
11.6031122207641602,-54.7863807678222656,-2.2340905666351318
-16.5887794494628906,-57.0049400329589844,-2.2439606189727783
-8.5778274536132813,-49.2905807495117188,-2.2219371795654297
-31.7850112915039063,-56.1218757629394531,-2.2412869930267334
-2.8172380924224854,-54.0956611633300781,-1.3183002471923828
-20.2222404479980469,-53.0952682495117188,-1.0387883186340332
-22.9780654907226563,-56.0031242370605469,-1.0389535427093506
-25.8199691772460938,-55.4452133178710938,-1.6401424407958984
-10.6221323013305664,-50.9991302490234375,-2.0324397087097168
-15.4177360534667969,-56.0388412475585938,-2.2473165988922119
10.6224298477172852,-48.9955940246582031,-2.2410423755645752
8.5777273178100586,-51.1662750244140625,-1.0377198457717896
5.8268365859985352,-48.2911682128906250,-1.0387974977493286
-7.3336415290832520,-49.7194061279296875,-2.2414176464080811
-13.3783893585205078,-53.1058540344238281,-1.2456178665161133
-20.2222919464111328,-53.1637229919433594,-2.1357011795043945
-16.3032226562500000,-53.9425849914550781,-1.0373029708862305
-13.3778924942016602,-53.0822105407714844,-2.2424707412719727
7.6410775184631348,-52.1422042846679688,-1.8993597030639648
-29.8223361968994141,-57.0012817382812500,-2.0853688716888428
7.5360469818115234,-54.0181999206542969,-1.9414647817611694
3.7798352241516113,-53.5186920166015625,-2.0291392803192139
-11.5726728439331055,-47.2365722656250000,-2.2410767078399658
16.9075832366943359,-48.8793106079101563,-1.3028173446655273
10.6223669052124023,-51.6347274780273438,-2.2421667575836182
12.4189672470092773,-51.3877677917480469,-1.0377088785171509
-5.8218998908996582,-50.9803237915039063,-2.2419304847717285
37.0557250976562500,-57.0012893676757813,-2.2310500144958496
10.6293315887451172,-49.9939002990722656,-2.2414484024047852
-1.9905672073364258,-50.7078285217285156,-1.0387631654739380
10.6223058700561523,-53.6047019958496094,-2.0364603996276855
-13.3781366348266602,-57.0040855407714844,-1.0383732318878174
26.6056823730468750,-54.9001197814941406,-1.6510448455810547
-3.7517700195312500,-52.3065490722656250,-1.6730428934097290
3.7763221263885498,-52.4622230529785156,-1.0389829874038696
-1.0223541259765625,-46.9347801208496094,-2.2411270141601563
5.8223738670349121,-50.2386054992675781,-1.0376079082489014
-2.8236465454101563,-53.1020278930664063,-1.3185232877731323
-11.5663604736328125,-56.2210769653320313,-1.0381437540054321
18.1776390075683594,-48.5517692565917969,-1.2546888589859009
2.0153427124023438,-55.4046669006347656,-1.0378323793411255
-3.7781002521514893,-55.0553970336914063,-2.2426021099090576
20.2216911315917969,-54.5359153747558594,-1.0382481813430786
2.8022000789642334,-51.5040092468261719,-2.2421259880065918
11.5627183914184570,-51.8598213195800781,-1.2439795732498169
-34.6223754882812500,-56.1533699035644531,-1.5639261007308960
7.6041207313537598,-53.0742263793945313,-2.2426965236663818
27.5094337463378906,-54.9635086059570313,-2.2408635616302490
-2.0809392929077148,-51.7004776000976563,-1.0372503995895386
8.5803050994873047,-56.0430335998535156,-1.0359122753143311
-1.0222946405410767,-50.4626045227050781,-1.0384932756423950
-15.4194173812866211,-55.2439041137695313,-1.6591233015060425
6.3111472129821777,-45.8622016906738281,-2.2411675453186035
7.9668331146240234,-46.9052200317382813,-2.2411677837371826
-25.0223636627197266,-55.4453468322753906,-1.0387891530990601
1.0218306779861450,-54.4759254455566406,-2.0323433876037598
-2.0888762474060059,-55.5105323791503906,-2.2414059638977051
-20.2212352752685547,-55.0185432434082031,-2.2419321537017822
1.0200110673904419,-53.5061225891113281,-2.2430956363677979
-7.6083321571350098,-53.9282531738281250,-2.2414045333862305
6.7325897216796875,-51.7540855407714844,-1.2554937601089478
-17.0389099121093750,-54.9191055297851563,-1.0332410335540771
2.6747639179229736,-50.1189651489257813,-1.0382838249206543
13.3778705596923828,-49.2599906921386719,-1.5778582096099854
18.1776542663574219,-49.6184120178222656,-1.9727396965026855
-18.1784992218017578,-52.8666534423828125,-2.2419233322143555
20.2222633361816406,-56.0052337646484375,-1.0383690595626831
7.6888637542724609,-49.7822990417480469,-1.0383725166320801
8.5786485671997070,-54.0817604064941406,-1.2529582977294922
-15.4267835617065430,-57.0056648254394531,-2.0340571403503418
1.0221023559570313,-48.0461311340332031,-1.4460918903350830
15.4227504730224609,-53.1070213317871094,-2.2414114475250244
-7.6249356269836426,-57.0030899047851563,-2.0259432792663574
-12.4454898834228516,-54.8149223327636719,-2.0251863002777100
-8.5110902786254883,-53.0799713134765625,-2.2418026924133301
-2.8936309814453125,-51.2349472045898438,-1.3802254199981689
13.3779783248901367,-53.9284629821777344,-2.0290842056274414
1.0222830772399902,-50.6082038879394531,-1.9661971330642700
-10.6486921310424805,-50.1000633239746094,-1.2474577426910400
-1.9786756038665771,-53.3663406372070313,-2.0130701065063477
-21.3750057220458984,-57.0031356811523438,-1.0378469228744507
10.6195583343505859,-52.5796279907226563,-1.0385847091674805
-3.0084252357482910,-55.5559387207031250,-1.8537575006484985
21.1874332427978516,-54.2861061096191406,-1.0382794141769409
5.8612508773803711,-54.1134262084960938,-1.0367248058319092
-11.6065692901611328,-47.9669914245605469,-1.0614055395126343
16.4487113952636719,-50.6638946533203125,-2.2415473461151123
13.3703880310058594,-54.9024543762207031,-2.2423167228698730
13.3764591217041016,-51.0964927673339844,-1.0385615825653076
-2.6751630306243896,-54.7025222778320313,-2.2419388294219971
-12.1852645874023438,-57.0049285888671875,-1.0311205387115479
16.2835121154785156,-53.4970855712890625,-1.0378128290176392
15.4224538803100586,-51.0567207336425781,-1.0384825468063354
-15.4220018386840820,-52.4698562622070313,-2.0365114212036133
15.4211359024047852,-52.0322074890136719,-1.2459079027175903
6.6832585334777832,-50.6440505981445313,-2.0183565616607666
6.7545108795166016,-52.5844078063964844,-2.0234525203704834
-13.0382442474365234,-48.2490005493164063,-1.0387772321701050
5.8211655616760254,-57.0014228820800781,-2.2422683238983154
-10.6194534301757813,-57.0028228759765625,-2.2450089454650879
16.2876300811767578,-52.5233268737792969,-1.2477155923843384
-17.3829898834228516,-57.0011444091796875,-1.6409521102905273
-18.1776962280273438,-52.8580627441406250,-1.0388536453247070
-22.9786014556884766,-57.0014648437500000,-2.2419376373291016
11.5713500976562500,-53.8080368041992188,-1.2458696365356445
-7.4908032417297363,-54.9175338745117188,-2.2453441619873047
-5.8182425498962402,-54.8364143371582031,-2.2463669776916504
6.7830433845520020,-48.6788787841796875,-2.2402756214141846
-27.6172237396240234,-57.0017776489257813,-1.0385617017745972
35.0445251464843750,-57.0012626647949219,-1.1178791522979736
-22.0071678161621094,-55.1900482177734375,-2.2416529655456543
18.1778430938720703,-50.3907394409179688,-1.2604194879531860
18.1791610717773438,-55.4396095275878906,-2.2440946102142334
10.6222438812255859,-53.5769157409667969,-1.0385534763336182
16.0634822845458984,-49.3437118530273438,-1.0388139486312866
-3.7790765762329102,-53.0755462646484375,-1.0382345914840698
-22.9790630340576172,-53.9942512512207031,-1.0373307466506958
22.9767379760742188,-56.0300598144531250,-2.2425167560577393
1.9160839319229126,-48.2051391601562500,-2.2413246631622314
-17.7696800231933594,-49.3823890686035156,-2.2412731647491455
-7.6193265914916992,-50.8794517517089844,-1.2500160932540894
-16.1234130859375000,-56.3739204406738281,-1.6366271972656250
25.0223464965820313,-56.0240402221679688,-2.0373282432556152
-7.6047830581665039,-57.0037155151367188,-1.0349816083908081
-2.0210082530975342,-51.2227134704589844,-1.9107482433319092
5.8221960067749023,-46.5312957763671875,-1.6840169429779053
-18.1784801483154297,-57.0030632019042969,-2.2415070533752441
13.3783712387084961,-50.0989112854003906,-1.0383496284484863
-10.6201581954956055,-53.7754058837890625,-1.6668088436126709
-1.9332063198089600,-47.8416519165039063,-1.0388374328613281
3.7323405742645264,-55.2472000122070313,-1.6201637983322144
18.1777343750000000,-54.4700012207031250,-2.0217490196228027
-12.4169206619262695,-55.7852401733398438,-2.2423915863037109
12.4821405410766602,-54.3127555847167969,-2.2438614368438721
-6.7511577606201172,-53.3209266662597656,-1.2535405158996582
-1.0168547630310059,-57.0071868896484375,-1.2483611106872559
15.4220218658447266,-50.0804443359375000,-1.2453505992889404
-29.8220901489257813,-57.0016670227050781,-1.0385190248489380
-27.7769660949707031,-55.4256591796875000,-1.0386984348297119
-13.3780479431152344,-52.1119346618652344,-1.2420496940612793
6.8177766799926758,-57.0054550170898438,-2.2460501194000244
-3.7779335975646973,-48.5388069152832031,-2.2413365840911865
25.9932098388671875,-56.2250595092773438,-1.0385127067565918
-6.7440109252929688,-49.3561782836914063,-1.0389677286148071
26.8161354064941406,-55.6607398986816406,-1.0389354228973389
12.4425315856933594,-53.3336257934570313,-1.0367282629013062
-22.9777145385742188,-55.0046005249023438,-1.0389698743820190
-2.8193819522857666,-48.3066978454589844,-1.0389491319656372
-18.1777362823486328,-50.0715370178222656,-1.6449841260910034
5.8838338851928711,-57.0062217712402344,-1.2477346658706665
10.6221628189086914,-50.8152770996093750,-1.6755610704421997
25.8177928924560547,-57.0028877258300781,-1.6378400325775146
-16.3291187286376953,-49.9471893310546875,-2.2414987087249756
11.6133661270141602,-48.9274444580078125,-1.0388889312744141
-11.5406532287597656,-49.6428718566894531,-1.1169401407241821
6.8907799720764160,-46.5929565429687500,-1.8842220306396484
10.6165475845336914,-55.9900398254394531,-1.0347118377685547
-27.6175498962402344,-57.0018157958984375,-2.2414512634277344
-22.9782257080078125,-57.0015258789062500,-1.0383584499359131